347,199
